Hotel Names,Ratings,Number of Reviews,Prices
Patrocinado      Hampton by Hilton Berlin City Centre Alexanderplatz,"4,5 de 5 burbujas",1.558 opiniones,3.204 TWD
1. Grand Hyatt Berlin,"4,5 de 5 burbujas",4.282 opiniones,9.838 TWD8.762 TWD
2. The Mandala Hotel,"4,5 de 5 burbujas",3.462 opiniones,8.262 TWD
3. KPM Hotel & Residences,5 de 5 burbujas,362 opiniones,5.783 TWD
4. Park Inn by Radisson Berlin Alexanderplatz Hotel,"3,5 de 5 burbujas",11.632 opiniones,3.745 TWD
5. Scandic Berlin Potsdamer Platz,"4,5 de 5 burbujas",4.866 opiniones,4.137 TWD
Patrocinado      Precise Tale Berlin Potsdamer Platz,"3,5 de 5 burbujas",12 opiniones,5.797 TWD
6. 25hours Hotel Bikini Berlin,"4,5 de 5 burbujas",2.518 opiniones,4.917 TWD
7. Meliá Berlin,"4,5 de 5 burbujas",7.014 opiniones,4.027 TWD3.755 TWD
8. Hotel Riu Plaza Berlin,4 de 5 burbujas,1.482 opiniones,3.681 TWD3.567 TWD
9. Steigenberger Hotel Am Kanzleramt,"4,5 de 5 burbujas",5.196 opiniones,5.387 TWD5.228 TWD
10. Hampton by Hilton Berlin City Centre Alexanderplatz,"4,5 de 5 burbujas",1.558 opiniones,3.213 TWD
Patrocinado      The Circus Hostel,"4,5 de 5 burbujas",1.427 opiniones,3.896 TWD
11. Adina Apartment Hotel Berlin Hackescher Markt,"4,5 de 5 burbujas",4.838 opiniones,4.794 TWD
12. Hotel AMANO Grand Central,4 de 5 burbujas,2.571 opiniones,3.068 TWD2.766 TWD
13. Maritim proArte Hotel Berlin,4 de 5 burbujas,1.472 opiniones,3.680 TWD
14. nhow Berlin,"4,5 de 5 burbujas",4.314 opiniones,4.060 TWD
15. NH Collection Berlin Friedrichstrasse,"4,5 de 5 burbujas",2.463 opiniones,3.677 TWD
Patrocinado      Pullman Berlin Schweizerhof,"4,5 de 5 burbujas",4.347 opiniones,5.255 TWD
16. Ludwig Van Beethoven Hotel,"4,5 de 5 burbujas",377 opiniones,3.109 TWD
17. Mercure Hotel & Residenz Berlin Checkpoint Charlie,"4,5 de 5 burbujas",3.845 opiniones,4.732 TWD
18. Seminaris CampusHotel Berlin,4 de 5 burbujas,729 opiniones,3.889 TWD
19. Pullman Berlin Schweizerhof,"4,5 de 5 burbujas",4.347 opiniones,5.879 TWD5.532 TWD
20. Axel Hotel Berlin,4 de 5 burbujas,2.152 opiniones,3.049 TWD
Patrocinado      Max Brown Hotel Ku'damm,"4,5 de 5 burbujas",517 opiniones,3.282 TWD
21. The Circus Hostel,"4,5 de 5 burbujas",1.427 opiniones,3.896 TWD
22. Vienna House Easy Berlin,"4,5 de 5 burbujas",289 opiniones,4.094 TWD
23. City Hotel Berlin East,"3,5 de 5 burbujas",2.746 opiniones,4.056 TWD
24. Good Morning + Berlin City East,"3,5 de 5 burbujas",138 opiniones,3.361 TWD2.220 TWD
25. Eurostars Berlin Hotel,"4,5 de 5 burbujas",2.428 opiniones,5.116 TWD4.745 TWD
"26. Hotel Berlin, Berlin",4 de 5 burbujas,4.375 opiniones,3.901 TWD
27. Comfort Hotel Lichtenberg,"3,5 de 5 burbujas",470 opiniones,2.514 TWD2.446 TWD
28. MEININGER Hotel Berlin Tiergarten,4 de 5 burbujas,204 opiniones,2.242 TWD
29. Hotel Palace Berlin,"4,5 de 5 burbujas",2.991 opiniones,
30. Hotel Adlon Kempinski Berlin,"4,5 de 5 burbujas",4.720 opiniones,14.399 TWD
Patrocinado      Novotel Berlin Am Tiergarten,"4,5 de 5 burbujas",2.393 opiniones,3.557 TWD
